time,x,y,z,phi,theta,psi,x_velocity,y_velocity,z_velocity,phi_velocity,theta_velocity,psi_velocity,rotor_speed1,rotor_speed2,rotor_speed3,rotor_speed4
0.06,5.41222382999e-08,1.74301615606e-07,10.0030035971,0.000180419527501,6.28310219003,0.0,5.886197238e-06,1.56180121199e-05,0.100115636753,0.00842924598051,-0.00431095139975,0.0,437.04399006255744,436.684629359495,436.6577202866001,437.3601564246808
0.12000000000000001,2.91981838619e-06,6.98153469407e-06,10.0122126341,0.000846300272681,6.28306149626,0.0,0.000104185640526,0.000272117036774,0.206838192049,0.0159625877041,0.00574502877754,0.0,438.4848404673843,439.31930642753446,438.87846889398156,439.5030593634786
0.18,1.06009212114e-05,4.87324896826e-05,10.0316893251,0.00136249260989,0.000274383911411,0.0,0.00010643290178,0.00121814178895,0.442322820295,-0.0132066072849,0.00836265165377,0.0,478.6218450694412,478.82088132330637,478.4501150489109,476.2244730365213
0.23999999999999996,8.81812348366e-06,0.000148654865334,10.0624629899,0.000777347174062,0.000907906122672,0.0,-0.000227546193944,0.00203890609302,0.583404068714,-0.00361128558247,0.0146240938988,0.0,450.5897995239799,451.095503801914,448.7125816815725,449.49085685064443
0.3,-3.75726677621e-05,0.000292945555822,10.1093753274,0.000683297452771,0.00237927718717,0.0,-0.00149728842347,0.002748336829,0.980086965691,0.00223555431994,0.0392607099289,0.0,521.6684189977975,523.3856444296108,523.3420729654339,523.7488526761362
0.36000000000000004,-0.000202504008463,0.000476695202399,10.1772383935,0.000486892038591,0.00453433063997,0.0,-0.00429830852268,0.00337665244255,1.28172607028,-0.0175565350408,0.0282163690923,0.0,498.93775408039386,498.1312852684514,497.70093596859834,496.2504765060746
0.4200000000000001,-0.000549677654975,0.00068495867193,10.2549161639,6.28291708526,0.00602274958794,0.0,-0.00741974765099,0.00348451684197,1.30750294058,-0.0041423799127,0.0169271316206,0.0,414.3380520355683,413.34460133299814,414.28186182512627,415.45963494855926
0.48000000000000015,-0.00114401340818,0.000886418705416,10.3397096174,6.28257554003,0.0071219198781,0.0,-0.0125152584145,0.0031961846853,1.51868836098,-0.00898834237689,0.0209680010236,0.0,472.4625463416836,472.7738804966522,472.63682865291923,472.2633330527674
0.5400000000000001,-0.0021130710033,0.00105703569359,10.4428494483,6.28192490318,0.00821672071609,0.0,-0.0199555413089,0.00240479569358,1.91872278739,-0.0148405939676,0.0121574918044,0.0,526.4151450502299,525.8050678285306,525.4457905756155,525.0401051744502
0.6000000000000002,-0.0035386861328,0.00116231161326,10.5676135611,6.28088607114,0.00916332413486,0.0,-0.0276741457328,0.0009760539235,2.23950886713,-0.0227862388399,0.0221781622698,0.0,504.54298046510183,505.2657559595045,506.3067863113902,505.73495607304096
0.6600000000000003,-0.00537036247953,0.00117457542443,10.7024873983,6.2795947349,0.0108306088771,0.0,-0.0335175237678,-0.000686276633174,2.25625099292,-0.0191073730085,0.0371407242711,0.0,413.68875269528223,415.0043805806458,414.8541581320837,415.1770070522239
0.7200000000000003,-0.0076353926623,0.00104826723944,10.8427721151,6.27896024216,0.0132752374903,0.0,-0.0422408465113,-0.00361753059748,2.41957158465,0.00257297522811,0.0471185702102,0.0,460.8719182510306,461.660639548472,460.5961236999299,462.3075789988422
0.7800000000000004,-0.0104814975456,0.000736340488299,10.9928801285,6.27879573869,0.0158866738784,0.0,-0.0529288275474,-0.00677573463417,2.58366814252,-0.0163585323882,0.0351415870383,0.0,462.60672679877155,461.6636618917092,463.19913407414793,461.7080249751465
0.8400000000000004,-0.0139857887514,0.000237541691532,11.1504066537,6.27752978619,0.0182899095941,0.0,-0.0641037472459,-0.00995957578357,2.66702049436,-0.0328442558801,0.0484093549177,0.0,436.69138920493924,437.7975432526847,439.578152302819,438.2098694285724
0.9000000000000005,-0.0182156501075,-0.000482594290131,11.3131350965,6.27561359164,0.0213539720727,0.0,-0.0771880432279,-0.0142389037336,2.75704043128,-0.0301806794768,0.0559133541018,0.0,439.8513385990856,440.47402822987215,440.94884678813685,441.1684463727076
0.9600000000000005,-0.0234400265707,-0.00155044642026,11.4878890592,6.27360138778,0.0244369581816,0.0,-0.0973717340811,-0.0216028731643,3.06730036804,-0.0412726156951,0.0402929271221,0.0,506.465383669284,505.3419942994097,506.39024203569835,505.5914194215173
1.0200000000000005,-0.029776807685,-0.00304561318624,11.674108118,6.271371625,0.0273917187102,0.0,-0.114116620465,-0.0284633241064,3.13979469978,-0.0300030831413,0.062891380872,0.0,436.2843914118397,438.16864917738764,436.78579071207884,437.72394720506753
1.0800000000000005,-0.0372249238796,-0.00501153722363,11.8662161303,6.2705794154,0.0314907992603,0.0,-0.13456124609,-0.0371870123679,3.26344549118,0.00821947039943,0.0774097973977,0.0,453.6060587304531,454.7738319581786,451.69403974955884,454.76606132276646
1.1400000000000006,-0.0459523721174,-0.00749533576277,12.0645668021,6.2713257196,0.0358886709129,0.0,-0.156798136362,-0.045540117864,3.34798290576,0.019765275747,0.0634567693882,0.0,442.5806849410791,441.4349024830911,442.0930653047173,443.04329050617076
1.2000000000000006,-0.056121229589,-0.010469750475,12.2685732033,6.27217447937,0.0394287081513,0.0,-0.182531298546,-0.0534954394399,3.45190630614,-0.000522064747738,0.0481368451984,0.0,449.6427320973736,448.4022178449581,449.63154077437474,447.9848123865585
1.2600000000000007,-0.0679793600289,-0.0139291454646,12.4806866453,6.27179589079,0.0424862244823,0.0,-0.213052155812,-0.0618307044848,3.61801327433,-0.0215815709866,0.056075108551,0.0,468.23708013981013,468.8557516341508,469.3221339452536,467.684762239168
1.3200000000000007,-0.0816486634554,-0.0178748720921,12.7006462515,6.27220211223,0.0459597488549,0.0,-0.242924879372,-0.0697069523595,3.71364743449,0.0359204547747,0.0612972750998,0.0,448.3037138122833,448.7301392344774,445.4136850974017,450.09196310354366
1.3800000000000008,-0.0971616686701,-0.0222697690423,12.9258782714,6.27437107267,0.0500237464569,0.0,-0.274548888045,-0.0765726519604,3.793802091,0.0366031245636,0.0782146647948,0.0,443.25183245325223,444.6433925665624,443.97837451424544,444.03497283991703
1.4400000000000008,-0.114580793135,-0.0270203771103,13.1544192338,6.27620517198,0.0544727459334,0.0,-0.306504048789,-0.0815916053891,3.82410221613,0.0143889954183,0.0644460431987,0.0,429.6286744053649,428.46406014810265,429.1311329052045,427.2415201615494
1.5000000000000009,-0.134076974895,-0.0320525445701,13.3862162823,6.27694050283,0.057886339525,0.0,-0.343721379331,-0.0860661869993,3.90217458339,0.00760511000448,0.0341434194545,0.0,445.95610556248096,443.47588855957326,443.974474173357,443.41737221911205
1.560000000000001,-0.155620122565,-0.0373132076545,13.6184380365,6.27791447218,0.0605039818713,0.0,-0.374582234929,-0.0892318530605,3.83874839006,0.0294946434684,0.0578911067955,0.0,396.54396048165825,398.7209127347335,396.99194656665856,398.99556917866715
1.620000000000001,-0.179431415406,-0.0427749277546,13.8529196653,6.27990825003,0.0638463883706,0.0,-0.419466509701,-0.092619917638,3.97680330677,0.0398113021685,0.0509369626115,0.0,463.0006722699193,462.4551531917979,462.7094090264025,463.5213010174902
1.680000000000001,-0.206012043384,-0.0483942799852,14.0957526917,6.28245600478,0.0669047681025,0.0,-0.466853407464,-0.0944238831162,4.11710313934,0.0472967932848,0.0510449387049,0.0,465.2943645016955,465.3043460710052,463.6629628388701,464.25160554877056
1.740000000000001,-0.23528978908,-0.0540636592784,14.3438416895,0.00235515487937,0.0696543769198,0.0,-0.509335420602,-0.0942812804502,4.15237225391,0.0585678979336,0.0325410984827,0.0,433.9619017696465,432.4070025111981,432.2583671007502,433.2089866211075
1.8000000000000012,-0.267179406553,-0.0596639578291,14.5942544031,0.00603857216076,0.0715563619289,0.0,-0.553823353943,-0.0920597679059,4.19453838518,0.066507373712,0.0299619473279,0.0,435.1169702776518,434.9013606371973,435.6983099315033,436.36440761518475
1.8600000000000012,-0.30207897568,-0.0650311143369,14.8514243361,0.0101316893944,0.0731671917732,0.0,-0.609644670125,-0.0863893786958,4.37707821848,0.071436936984,0.0197494042261,0.0,479.1634107269527,478.38645440539926,478.89120678928947,479.26918294449024
1.9200000000000013,-0.339848145974,-0.0700389296882,15.1125289966,0.0141409684869,0.0748131569088,0.0,-0.649460991566,-0.0802040933182,4.32657988752,0.0554712129731,0.0395351991645,0.0,405.5347211994362,407.3085584629107,407.60093636422664,406.1751278322835
1.9800000000000013,-0.380316146675,-0.0745593974734,15.3742984451,0.0172265905617,0.077598239615,0.0,-0.699709691816,-0.0701677631274,4.39875152551,0.0417798523651,0.0574927288381,0.0,446.01616592931776,447.4817415701425,447.0570447998639,445.94160354068987
2.0400000000000014,-0.423673934322,-0.0784610376777,15.6380365166,0.019950260673,0.0806889772347,0.0,-0.745840633777,-0.0596609372549,4.39249660125,0.0517871677362,0.0355409928125,0.0,422.4609571142362,420.5654599419365,422.022995863607,422.88729220994844
2.1000000000000014,-0.470052194494,-0.0816307430077,15.9038682545,0.024090904376,0.0834086104642,0.0,-0.800325320916,-0.0456341261604,4.46821902246,0.0907769332176,0.05993569573,0.0,447.33705472491744,449.32042877263405,447.006635783114,450.1761924106171
2.1600000000000015,-0.519645529468,-0.0839034568206,16.1728815695,0.0293161340146,0.0865535427904,0.0,-0.853095926753,-0.029637404697,4.49870952225,0.0784461387727,0.029828719957,0.0,435.77305928427137,433.2504838619215,435.66203652312146,434.63608749437145
2.2200000000000015,-0.572371198681,-0.0851520423065,16.442713361,0.0343023199315,0.0884432892083,0.0,-0.904593650651,-0.011561522908,4.49564750335,0.0910812015896,0.034636639105,0.0,423.0967195060419,423.5109129207414,424.63142470275756,425.7199716754863
2.2800000000000016,-0.628402355179,-0.0851552365615,16.7143714185,0.0397611496049,0.0907189389893,0.0,-0.963306665298,0.0119717991575,4.55930425369,0.0907784617031,0.0438069432336,0.0,445.4410023747902,446.1910509919917,445.95529360506265,445.9374756317819
2.3400000000000016,-0.687790918447,-0.0837350735168,16.9875061625,0.0451813298577,0.0934650836118,0.0,-1.01655335083,0.035829705941,4.54517658765,0.0894377493509,0.0494287818967,0.0,421.8119161771304,422.2985320780473,420.711550139802,420.6027722177359
2.4000000000000017,-0.750851768621,-0.0805812078004,17.2643114329,0.0506846411693,0.0962702129324,0.0,-1.08574030012,0.0698539903012,4.6810224105,0.0959351484379,0.0407769494453,0.0,469.1763185336238,468.5052099408621,468.49921723155416,469.01076024990044
2.4600000000000017,-0.818085309922,-0.0752855369401,17.5488468449,0.0569601698721,0.0986299813634,0.0,-1.15558981129,0.107275758151,4.80288621373,0.117880692999,0.036265688764,0.0,465.73264735729134,465.3803270518591,465.3732153573237,467.09676723044447
2.520000000000002,-0.889336923783,-0.0677381345463,17.8384235487,0.0640689813089,0.100542872779,0.0,-1.21964844035,0.144956304578,4.849375119,0.119651905569,0.0212314832315,0.0,444.9786043307546,443.74636232722065,443.1865871213975,443.3448158101182
2.580000000000002,-0.964584976023,-0.0577189312998,18.1319273944,0.0708161922024,0.101383481372,0.0,-1.28870745116,0.189690400523,4.93362314624,0.0914415618376,-0.00714039036355,0.0,457.7464720066861,455.4827266265016,457.0327712557655,454.78897283171193
2.640000000000002,-1.04437414448,-0.044615149504,18.4342371016,0.0763545055127,0.101069261073,0.0,-1.37080878586,0.247683916755,5.14235100924,0.0939777214871,-0.00167862769535,0.0,493.9884276976272,494.3911548746229,493.98136483965976,494.1746078412439
2.700000000000002,-1.12873335399,-0.0281688215624,18.7455735595,0.081751663403,0.101542765793,0.0,-1.44116085134,0.301049087566,5.23501080934,0.0803644735484,0.0222583061383,0.0,460.47115867421536,462.3610880864815,462.8835509181431,461.81721007946135
2.760000000000002,-1.21696800273,-0.00870720117399,19.0589067211,0.0868063060969,0.102648739482,0.0,-1.50012440491,0.348090110169,5.20944983291,0.091047457997,0.00940618813932,0.0,425.13633665847556,424.0334695118065,425.64699581616225,426.5665179105976
2.820000000000002,-1.30870401965,0.0136154577528,19.3701449265,0.0921956510176,0.103257526484,0.0,-1.55782913195,0.39645030499,5.16526603378,0.0872542201226,0.0115873292599,0.0,418.6086920166378,418.7983663589757,419.58061550018516,419.25837346465045
2.880000000000002,-1.40415294267,0.039137956032,19.6809785894,0.0969854991423,0.104419077606,0.0,-1.6238928878,0.454746927748,5.19560185123,0.0577333616945,0.0315733199662,0.0,443.339929751991,444.97927215079875,443.62176338034715,441.19555450767984
2.940000000000002,-1.50347959882,0.0681332221357,19.992518615,0.100806618492,0.106755496706,0.0,-1.68719991586,0.512072555452,5.18897554431,0.0735100956692,0.0506412933757,0.0,431.1575976712361,432.76661772829937,431.1414120277521,432.47556995602446
3.000000000000002,-1.60650452205,0.100497109772,20.3022745278,0.105513855939,0.109712577597,0.0,-1.747243957,0.567101331041,5.1363250967,0.086852745233,0.0464242422687,0.0,417.2741340824372,416.9074478940564,415.8254701200875,416.9981738648406
3.0600000000000023,-1.71365958187,0.136696965796,20.6131333566,0.11086340772,0.112253937621,0.0,-1.82483056814,0.640032992321,5.22504693913,0.0934106643349,0.0326382840353,0.0,462.379821441494,461.2931887757974,462.21471116285,462.737591711008
3.1200000000000023,-1.82541919736,0.177278185398,20.9283738923,0.116328388967,0.11449346862,0.0,-1.90067993725,0.713159604541,5.28252305017,0.0859699096769,0.0453511899944,0.0,453.9094728057554,454.92932638090235,453.26551777140565,452.6738202147193
3.1800000000000024,-1.94186210266,0.222432697468,21.2477381935,0.121955362137,0.117023394202,0.0,-1.98098446834,0.792464740398,5.36237020097,0.10604175148,0.034882561162,0.0,461.69890494783107,460.87296428933894,461.09546840299345,462.6856000832053
3.2400000000000024,-2.06332802936,0.272616521134,21.5731290238,0.128116782909,0.119608323777,0.0,-2.06807801137,0.880894163566,5.48316953041,0.0949724667628,0.0558232532338,0.0,474.24203624617115,475.8488875940898,475.83248507254757,474.9925544724189
3.3000000000000025,-2.19002095555,0.328164718295,21.9052141887,0.134029509694,0.122773088897,0.0,-2.15530788363,0.971214237137,5.58556956745,0.104869937952,0.0457483703234,0.0,472.1158441348162,471.3393516586166,470.6349761327865,471.4082306670484
3.3600000000000025,-2.32136605068,0.388545699642,22.2382039868,0.140183173454,0.125085301042,0.0,-2.22312694534,1.04198676653,5.51423330438,0.097493985856,0.0174404452709,0.0,418.55538575225387,416.084669947301,417.4837264272308,416.84937380956364
3.4200000000000026,-2.45710324098,0.453583479716,22.5691298724,0.146210392861,0.126083958743,0.0,-2.30156154807,1.12643214701,5.51640293439,0.105794426313,0.0150025552195,0.0,441.1891161506804,440.98766216721776,441.2821670428868,441.9756936485946
3.4800000000000026,-2.59757594981,0.52379840196,22.9001928094,0.15249768204,0.126763963157,0.0,-2.38096014972,1.21458803548,5.51878719652,0.102697411926,0.00274257902854,0.0,441.927308909282,440.91528219072535,442.56237990100806,442.3169799703699
3.5400000000000027,-2.742527256,0.5990461361,23.2290160777,0.159110390924,0.127129272726,0.0,-2.45085442017,1.29418739994,5.44216338516,0.122093976915,0.0120574932033,0.0,414.6227895680838,415.4404417187913,416.32783856744265,418.03325121899417
3.6000000000000028,-2.89206395083,0.679639953763,23.5561114737,0.166804372686,0.127953483015,0.0,-2.53379136498,1.39289904564,5.46064574628,0.138308845876,0.0169000233822,0.0,447.4685747245472,447.86257516963144,446.32310907362836,447.65952358811165
3.660000000000003,-3.04687783676,0.766653960743,23.8863895324,0.174785871654,0.128956997141,0.0,-2.62674471475,1.50826602163,5.54784336848,0.119533004375,0.0163733660535,0.0,470.49182911548564,470.45094267468596,469.5379421495572,468.09385985249344
3.720000000000003,-3.20719649375,0.860604907034,24.2210826019,0.181592215189,0.129808736733,0.0,-2.71728987531,1.62400225037,5.60795770882,0.0970536869999,0.00943975318688,0.0,462.91774603367503,462.37159847824864,464.0216757866229,462.263928180955
3.780000000000003,-3.37295698832,0.961599273697,24.5592225378,0.187098568524,0.129965458058,0.0,-2.80809731331,1.7429108172,5.66278558141,0.0782830797839,-0.0167683130035,0.0,464.3237338170874,462.2626883334699,462.5247865110978,461.0504244108869
3.840000000000003,-3.54381414262,1.06930806133,24.8979070723,0.191848925456,0.128571823863,0.0,-2.88711948921,1.84775223423,5.62665835314,0.0808938209682,-0.0410606516754,0.0,435.615878210527,433.5791371689293,434.34152443299126,434.5656445162993
3.900000000000003,-3.71989050164,1.18411209621,25.2381517152,0.196696249383,0.125807534044,0.0,-2.98182586556,1.97938901655,5.71412440512,0.0805778536564,-0.0586749765339,0.0,475.474642740077,474.12181428043687,472.868944152528,472.84943151192357
3.960000000000003,-3.90195982791,1.30746186621,25.5863965678,0.201239375737,0.122038944912,0.0,-3.08667347364,2.13255303476,5.89282151173,0.0636068795788,-0.072718742313,0.0,501.5629287023406,500.53931571750655,503.9296140641735,502.70484286335386
4.020000000000002,-4.08936215961,1.43864022712,25.9382351125,0.20503909998,0.118419852324,0.0,-3.15987310728,2.2403659553,5.83528008225,0.0627668363472,-0.0429240913254,0.0,430.2972916452956,432.80979408732486,431.66188980978643,431.59402024667503
4.080000000000001,-4.28140680976,1.57683251997,26.2889685798,0.208765868047,0.11666874499,0.0,-3.2414742278,2.36628360669,5.85549045837,0.0607721831771,-0.0104820180462,0.0,455.30910772731653,457.89742238293445,456.69787386379176,456.54137470713835
4.14,-4.47829490648,1.722563691,26.6405428158,0.213014502135,0.116736955867,0.0,-3.32148814671,2.4916757769,5.86331714019,0.0857002828397,0.0177387997634,0.0,451.5017148690986,453.77337734217747,453.2836172084512,455.28648924161223
4.199999999999998,-4.68025777038,1.87634595,26.9946667234,0.218644342953,0.118377264881,0.0,-3.41073110777,2.63473115073,5.93997315618,0.106482303437,0.0417366348718,0.0,474.430442324083,476.26995440604037,475.23907399408733,476.8363233600741
4.259999999999997,-4.88721834569,2.03807241747,27.3500222696,0.225330288111,0.120522501908,0.0,-3.48820559232,2.75661634769,5.90497406447,0.119838185149,0.0197709201904,0.0,442.9351007783318,441.12502657082496,441.9515363181652,443.0622280173895
4.319999999999996,-5.09890691934,2.2072761609,27.703514003,0.232564102161,0.122066010423,0.0,-3.56825393996,2.88402296978,5.87778630861,0.121974889954,0.0355558644337,0.0,444.3281777534444,445.6208229194462,445.630203519642,445.81793184848544
4.379999999999995,-5.31562456343,2.38457839894,28.0567814357,0.239965154122,0.124338092747,0.0,-3.65588449918,3.02654696038,5.89715852175,0.1259673202,0.042131061309,0.0,460.81698096685943,461.3371955822394,460.74020326417195,461.0689998106188
4.439999999999993,-5.53742965792,2.57011900214,28.4094004553,0.247346524511,0.127430101692,0.0,-3.73790931615,3.15865007094,5.85650443132,0.116373222903,0.0657026436797,0.0,442.43515516713757,444.37374784053657,443.0249802510276,442.2489479579566
4.499999999999992,-5.76468214025,2.76456291977,28.7629766948,0.253888131193,0.131336031609,0.0,-3.83752030474,3.3231883868,5.92831085011,0.0873128334646,0.0638636144708,0.0,479.394275348063,479.25726572587337,480.50882470708956,478.3093555753812
4.559999999999991,-5.99748222688,2.96799504492,29.1170192435,0.258783167354,0.134958206616,0.0,-3.92284715025,3.4581770941,5.87289975748,0.0665382287793,0.0522635904448,0.0,441.9531934726476,440.99837276238287,441.4627082215787,439.75000618889726
4.6199999999999894,-6.23501633763,3.17872027707,29.4644646773,0.263122133853,0.138041983639,0.0,-3.99532313967,3.5663224346,5.70912797831,0.0818997628914,0.0496033506588,0.0,403.5968846138453,403.3586199719217,403.4424092522344,404.83198689416145
4.679999999999988,-6.47788454517,3.39770948625,29.8084942917,0.268246269969,0.14065762256,0.0,-4.10054240379,3.73349352593,5.75765259717,0.0916162516012,0.0275126858007,0.0,474.98485047635614,473.28814975926264,473.21050906409636,473.9635198916912
4.739999999999987,-6.72707385324,3.62670058512,30.1550140195,0.274119677884,0.142216917284,0.0,-4.20592680116,3.89978884218,5.79220683234,0.108151090398,0.0227508234848,0.0,471.78422486409323,471.41641133145345,470.3891684460465,471.6756964671955
4.799999999999986,-6.98214650109,3.86483348766,30.5002871199,0.281181987701,0.143852629158,0.0,-4.29672039141,4.03839365188,5.7167579287,0.132041890182,0.0350269030791,0.0,435.6814297042031,436.7070963390971,437.48400522674376,439.48160411217754
4.859999999999984,-7.24309946571,4.11211039308,30.8435366886,0.288889906357,0.145974661592,0.0,-4.40192380527,4.20459068423,5.72412415813,0.120139978668,0.0360391305004,0.0,465.0095712699208,465.08936005020877,465.2326839766599,464.3138272302959
4.919999999999983,-7.51046906179,4.36955701931,31.1874704038,0.296256347171,0.148020769367,0.0,-4.51060248831,4.37730812334,5.73949814068,0.127576321977,0.0299154697796,0.0,469.58188722999284,469.1068973754566,468.52104502029607,469.11175570297326
4.979999999999982,-7.78426875632,4.63718247232,31.5313232213,0.303452176099,0.149633880545,0.0,-4.6162517256,4.54391572343,5.72162745449,0.0967283133541,0.0200074764979,0.0,459.792998590453,459.0072880204991,462.27644121769134,459.8504473157058
5.0399999999999805,-8.06465116472,4.91527741819,31.8752844681,0.308922864035,0.150961506493,0.0,-4.72996596248,4.72606992322,5.74291312219,0.0767665317223,0.0260606158571,0.0,474.0060425527368,474.4711015292464,474.5310453355567,473.00207795044673
