time,x,y,z,phi,theta,psi,x_velocity,y_velocity,z_velocity,phi_velocity,theta_velocity,psi_velocity,rotor_speed1,rotor_speed2,rotor_speed3,rotor_speed4,episode,total_reward
1.8600000000000012,-1.83959757803,-0.965811769604,0.0,2.468492566,2.87764722013,0.0,-0.680083019249,-1.45449030011,-19.6350739533,-17.276907817,-12.3837862185,0.0,459.509290048,258.563392645,627.688783174,399.49903597,1,93.0
1.8600000000000012,-1.8581651089,-1.2546715273,0.0,2.11622167434,2.65361894612,0.0,-0.747581196979,-1.7384261072,-19.5753763868,-16.9621539444,-12.4139854104,0.0,454.989485902,263.473604571,621.867025181,399.803904519,2,93.0
2.1000000000000014,-11.8446832992,25.9620112976,0.0,5.57680328788,0.754674045543,0.0,-32.2347837814,17.4670259063,-19.1030691917,7.34681029888,0.18816844927,0.0,894.832941775,899.69482367,900.075908529,898.749065016,3,105.0
3.3600000000000025,-31.4824592222,-0.613419578476,0.0,1.33825386608,1.58663914529,0.0,-7.47732373631,-0.338831937959,-19.3711725985,-28.8223767092,16.4004868942,0.0,678.806845156,900.184178708,899.509659178,0.395725372434,4,168.0
2.4000000000000017,-4.57824201689,9.5728390777,0.0,2.83688833784,0.945625130126,0.0,-5.11374091222,4.10224340062,-20.722831465,-28.8327390899,-11.0692478371,0.0,900.262267247,829.867458353,899.85679881,-0.40495983967,5,120.0
2.4000000000000017,22.3355109546,9.03015055434,0.0,2.84797923453,3.03684181976,0.0,29.3666807351,4.82347220769,-18.3018407881,-28.8166265196,-3.71866063592,0.0,899.165113944,892.447566467,899.498831924,-0.153878108789,6,120.0
2.4600000000000017,13.0654693039,7.79642137763,0.0,1.07878460499,3.08689681772,0.0,10.7492493465,-1.43744027134,-20.5459100671,-28.849851033,-28.0788183169,0.0,870.018363333,0.23322111217,900.324422552,-0.356264244235,7,123.0
2.4000000000000017,3.87805844859,10.3862279697,0.0,2.80280574216,3.41420820281,0.0,5.46444382323,5.46846633786,-19.9266674028,-28.8342285101,-22.8928802335,0.0,899.880830535,543.265253122,900.038388863,-0.0653853956032,8,120.0
2.4000000000000017,-7.95603890662,9.0928386335,0.0,2.75968650382,5.00772862349,0.0,-11.1851030083,2.20282167874,-21.6773097618,-28.8410581061,-28.5166435146,0.0,899.791046013,6.48521180491,900.056791531,0.0626017649441,9,120.0
2.3400000000000016,-0.184328838477,10.0013214369,0.0,4.56588847853,0.419948365991,0.0,-9.87663509073,3.9330848706,-18.9163143524,-28.817299874,-8.83823220647,0.0,900.041876724,899.531810536,899.330410371,0.393776158038,10,117.0
2.3400000000000016,-1.97594897778,9.93675060597,0.0,4.54964712274,0.190632651154,0.0,-4.82815559828,6.34866323347,-20.5441280009,-28.83369542,19.895501573,0.0,75.4443253321,890.253511098,899.886678072,0.0767647445273,11,117.0
3.2400000000000024,-1.43197482949,0.487800857621,0.0,1.2412236476,1.49930069509,0.0,-0.193844341992,7.22974237386,-19.1776559787,-6.52619989965,7.92355740799,0.0,7.20572722134,38.1135145812,898.906978038,829.852389355,12,162.0
2.1000000000000014,-3.34994769454,-2.52254346089,0.0,5.24522090617,0.614767755958,0.0,-1.62775932346,-2.44429320939,-16.1305191713,-6.20243619637,3.32157871565,0.0,0.287167559953,0.550238859754,899.244409811,900.206362772,13,105.0
2.4000000000000017,-31.0752905587,10.7757764424,0.0,4.53159011358,6.212858662,0.0,-20.8981022381,6.15336193181,-22.7426609208,-28.7287848303,3.14144918621,0.0,0.543075428599,-0.0881229897163,899.964091661,-0.292912283149,14,120.0
1.9800000000000013,-26.0751584797,-1.66740817955,0.0,1.50058044179,5.7841067162,0.0,-16.4837057722,2.76305085056,-22.7626777103,-28.8043269451,-28.8213983174,0.0,899.625393601,0.345744092892,899.264774754,-0.3822708403,15,99.0
2.2800000000000016,-9.39534180421,-5.76074177294,0.0,4.40519766886,6.27942573748,0.0,-4.99676782921,-10.2542332887,-22.7022586658,-28.8430928649,-28.8379788618,0.0,900.007508987,-0.0537561440312,900.331380741,0.325209002319,16,114.0
2.1600000000000015,-9.20816305818,4.0310949873,0.0,5.94986500588,3.45074890607,0.0,-3.45320755075,6.6435867909,-23.2307435915,-28.8176567549,-28.8423426474,0.0,900.201908317,-0.492641787479,899.476249372,0.288262685926,17,108.0
3.960000000000003,-20.1686477819,-19.9242729353,0.0,1.50727954764,1.85096203688,0.0,-6.07634219833,-14.0040801127,-4.92231224301,-28.8278059707,-28.831670513,0.0,899.915731664,-0.599789274315,899.697767952,0.0233827413825,18,198.0
2.0400000000000014,-7.95776615656,2.44613911415,0.0,3.33217253726,0.648713995412,0.0,-4.18043711418,4.56911449119,-24.6841798037,-28.8417142789,-28.840175748,0.0,900.170213415,0.621387704295,900.0700948,0.772793794889,19,102.0
2.640000000000002,-22.9465705078,3.17429766075,0.0,1.09759663684,3.57147400709,0.0,-1.77610656881,1.16508811408,-19.8331064317,-28.8307792719,-2.30192672976,0.0,899.45139414,900.029881657,899.774511437,-0.568189196613,20,132.0
4.199999999999998,21.1796811485,66.0760577015,0.0,0.71993893049,6.21205590075,0.0,8.55856686096,27.8458464497,-15.8404955274,-28.8210468282,-0.0203600600367,0.0,900.11247634,899.787464782,899.731147355,0.874024515407,21,210.0
3.5400000000000027,-31.8016906137,-7.86261553641,0.0,5.82458217722,0.957546288055,0.0,-31.6412805398,-14.5398103099,-12.2067394669,-28.8275076697,0.437701354348,0.0,900.555353042,900.056483915,899.876981407,-0.327654511195,22,177.0
3.780000000000003,9.51678983667,-33.189878856,0.0,5.43191292488,6.21448932227,0.0,4.75638628427,-19.0346292296,-34.9551394559,-28.8509040125,-0.0680628161182,0.0,899.990729903,899.553025902,900.727604393,-0.710446474848,23,189.0
2.3400000000000016,7.15347384352,-23.1669028115,0.0,2.82240289015,5.96911779053,0.0,8.57218676927,-11.4595460265,-21.8042058239,-28.8348412107,-0.11081914837,0.0,899.852468935,899.848575629,900.137950035,0.67445146396,24,117.0
5.0399999999999805,-150.0,-17.864861199,0.0,3.59738664526,0.155436631084,0.0,-597.135458829,31.359116426,-22.0358279861,-28.804125769,0.00628944695396,0.0,900.301220587,900.073776992,900.355299746,-0.0166974356357,25,252.0
2.1000000000000014,2.43182472876,-23.9425459756,0.0,4.93127999023,5.95558625468,0.0,5.24737516032,-13.0381457986,-18.9505185777,-28.8316304286,-0.262394163539,0.0,900.041589682,899.382807999,899.879568131,0.647102509611,26,105.0
2.880000000000002,9.26621167769,-42.7825681959,0.0,2.44119635214,5.93577517216,0.0,10.2649927073,-16.0842618726,-19.4280560444,-28.8301514974,-0.00865915296864,0.0,899.760678548,899.90924091,900.076070663,0.234873815992,27,144.0
3.2400000000000024,17.5238193463,-34.1045833512,0.0,2.67623336032,5.65638638668,0.0,17.5049094794,-9.69982325701,-17.858390767,-28.8428426962,-0.354261618993,0.0,900.651889619,900.240586517,900.439754597,0.42713234798,28,162.0
2.820000000000002,0.888833859366,17.8837201803,0.0,4.55692377061,0.0613719510494,0.0,0.357433442002,14.7644222478,-28.307045523,-20.0325178151,0.0800286616904,0.0,899.771127352,899.967513094,899.866035492,898.043559499,29,141.0
2.820000000000002,2.69419155413,-31.6330294978,0.0,2.20763862365,0.178249680508,0.0,-0.0688927458352,-13.2879226971,-21.4788451126,-28.8353717179,0.203369080605,0.0,899.939946708,899.618700439,900.166582315,-0.784360541186,30,141.0
2.640000000000002,-0.184337025838,-47.9111641795,0.0,0.572629370778,0.0439071314248,0.0,-0.66181539538,-20.5573091604,-19.915808166,-28.8191900877,-0.0649239150224,0.0,899.894587871,899.536528123,899.602355524,-0.690407863577,31,132.0
1.9200000000000013,1.73955385671,-15.123183263,0.0,4.41842638279,6.05370615156,0.0,2.86129672256,-10.0246258505,-27.9988813135,-28.849025266,-0.292102946673,0.0,900.210520773,899.653755492,900.602894739,0.179791032891,32,96.0
2.880000000000002,-16.7106424403,-6.93268128316,0.0,5.93184782382,0.519165657915,0.0,-20.0440804863,-6.52007769237,-25.4155242786,-21.2079953495,0.227166594757,0.0,900.396797502,899.85639711,900.725299019,840.544665195,33,144.0
3.000000000000002,-6.38168048823,9.41239787166,0.0,0.676666828245,0.0986204870578,0.0,-7.88796660055,2.54406806722,-17.4949620644,-12.8002361126,-0.2314541188,0.0,900.668975203,899.579341909,899.982340241,897.802088205,34,150.0
5.0399999999999805,-117.424292653,2.86313991829,8.43753919115,2.87137358094,4.98358277084,0.0,-177.526575996,1.83856737102,-32.31290353,-21.1534091492,-1.39238616585,0.0,901.118946337,900.115906464,900.447830087,696.570865465,35,252.0
2.4600000000000017,-20.5908557813,8.39631612957,0.0,3.20452352443,4.01249750312,0.0,-9.51742596937,3.87477777865,-9.25465254904,-4.35475724894,-3.26049666366,0.0,900.014460203,900.545427688,899.909608849,899.738499035,36,123.0
2.2200000000000015,2.48057653914,6.19101817813,0.0,4.63087789079,2.80761057281,0.0,12.0037458723,9.41032764136,-18.9300215801,-2.66298719913,-28.7348806072,0.0,899.476136175,-0.414687358748,900.286690558,899.589232748,37,111.0
2.580000000000002,6.88059758053,-0.755713682908,0.0,5.82977921184,0.200428711058,0.0,11.7542442834,-0.339490393181,-20.962536792,-0.398320101965,-23.5193290521,0.0,822.590244298,-0.623709417211,900.43959937,899.602678254,38,129.0
2.940000000000002,-16.4985009673,0.00422377543556,0.0,5.90133183258,1.5607843073,0.0,-10.7740786209,5.48037041615,-33.8696643105,-0.131094725864,-2.33693708783,0.0,899.725716354,899.824434689,900.06847096,899.9196991,39,147.0
2.0400000000000014,-13.1071768916,1.04905226606,0.0,6.02173817248,0.0871339719614,0.0,-24.6772169955,1.15846318703,-25.0698462961,-0.0870919646827,-4.93883921722,0.0,899.255983772,899.881681385,899.977416406,900.594054239,40,102.0
2.640000000000002,0.514137743359,-1.44883109981,0.0,5.55009430582,5.06793408838,0.0,12.7817042539,-0.209505478292,-22.3641388277,-0.495078915012,-9.59347250058,0.0,2.85500436516,-0.4873113566,900.012104779,899.596526242,41,132.0
5.0399999999999805,-27.1500537307,17.2518370017,31.5081937344,5.96133941943,0.438190549373,0.0,-26.5533469569,2.83423393937,3.71551309857,-28.7543916286,-1.43815511896,0.0,900.215946562,899.898067443,899.809252062,-0.275782692681,42,252.0
2.880000000000002,-7.75004662655,-0.793932482199,0.0,5.76870016823,1.0511663078,0.0,-15.0572129855,5.63508940185,-32.6232312926,-0.118817904549,-2.461628444,0.0,899.723783121,899.183129271,899.99321098,900.230280162,43,144.0
2.1600000000000015,-15.4573426214,-2.76255238334,0.0,4.53991771983,6.07025111457,0.0,-26.2491009911,-8.49189085639,-25.3031583658,-3.05016712458,-4.86797242608,0.0,900.142139902,900.158252385,899.99576655,900.357729084,44,108.0
2.2200000000000015,-0.733286901119,13.1196159498,0.0,4.29090240437,6.01805380919,0.0,3.19106269301,12.0593002637,-24.2489583586,-27.4609310493,-28.8319433563,0.0,899.885931318,0.41293639083,900.495523395,17.3552421299,45,111.0
1.9800000000000013,-5.3710598134,8.26320074041,0.0,6.14396107409,3.66493619653,0.0,9.09584021656,13.0431425514,-20.8133695555,-3.14304989474,-4.87514923423,0.0,899.586665624,900.663251898,900.258510359,899.6893483,46,99.0
2.640000000000002,-2.07397432264,13.4007000979,0.0,5.59845112434,4.56087073223,0.0,9.51004820347,12.5108177675,-15.4408233391,-28.1364382753,-28.4697766174,0.0,900.575695614,0.627914172578,900.687998652,0.203448510143,47,132.0
2.2200000000000015,-21.064452161,-4.65926132211,0.0,5.82007595675,5.94071704484,0.0,-31.8658186579,-7.02158533583,-16.566451001,-2.01434089385,-4.41708904445,0.0,899.809881806,899.640607141,900.090931578,900.194960161,48,111.0
2.1000000000000014,-4.30846030166,-0.715472242797,0.0,4.54903958869,1.05051467832,0.0,2.29970572718,-0.955987353513,-23.4892945405,-3.04168919312,-27.9084404692,0.0,866.596883453,0.397556256511,900.092431455,900.19545989,49,105.0
2.520000000000002,-0.765197134244,2.14831194886,0.0,4.38127309831,5.28558219352,0.0,6.81099876138,-0.310986146919,-15.1584939873,-2.09269211968,-15.7778548424,0.0,84.1770265109,-0.0106421187316,899.95630499,899.885321875,50,126.0
2.2800000000000016,-9.57042555537,-0.080972995462,0.0,5.8307232263,0.120661786528,0.0,-5.79974469774,-0.274474655238,-21.1347402408,-0.228942005913,-28.8374991442,0.0,900.298545218,0.735979357818,899.501085856,899.325797493,51,114.0
2.3400000000000016,-9.85900014363,-0.0567074120378,0.0,5.90213225725,4.72762157996,0.0,-5.25271059654,-0.549457506356,-20.4715081593,-0.192318886033,-28.7911122387,0.0,900.046580327,-0.41643845535,899.96450328,900.305140609,52,117.0
2.3400000000000016,-9.69210985492,0.0025051624066,0.0,6.0686838097,4.86692563416,0.0,-5.17634669628,-0.153486164211,-20.3558942681,-0.173214694307,-28.7607149424,0.0,899.910902187,0.277886233705,900.369437933,899.737289624,53,117.0
2.520000000000002,-1.39374624108,0.146904952745,0.0,0.202724424651,1.24071256896,0.0,-0.371917794549,-2.2537164298,-32.3784535781,0.149752460142,-4.83723915926,0.0,885.759710099,862.182732762,899.689270827,899.949510805,54,126.0
2.520000000000002,6.9644141088,-16.1715758839,0.0,2.36888846086,2.85672274955,0.0,16.1140235676,-11.772707079,-17.8105739168,-1.73881791663,-28.8566964722,0.0,900.837580063,0.170027216981,900.230906544,899.868556774,55,126.0
2.820000000000002,18.6887523432,-6.36291308357,0.0,5.35600044912,5.99687969256,0.0,12.7802792834,-4.71634391106,-18.7324557072,-1.84318705322,-28.8266837984,0.0,899.771011923,-0.444709053612,899.980188579,900.344078949,56,141.0
2.2800000000000016,-12.0197959247,-4.26777786437,0.0,5.12378719369,3.00709678504,0.0,11.806403955,0.842057563553,-21.8043347051,-2.32924853035,-9.72989212576,0.0,899.538941992,798.048444398,900.558404792,899.836192466,57,114.0
2.640000000000002,-30.8792111555,7.82510374232,0.0,5.64398048538,3.84381519409,0.0,-21.8539554639,6.02586863061,-18.7369164526,-2.1885786774,-28.8040804315,0.0,898.951607543,-0.244607179268,900.454510426,900.542132014,58,132.0
1.9200000000000013,1.65193776822,7.63821377931,0.0,4.69364646116,0.702406974735,0.0,0.765231335509,6.24153831166,-23.8398905974,-7.74555257045,-28.8260463676,0.0,899.682085943,0.645536356793,899.691079726,900.428122283,59,96.0
1.740000000000001,-0.682352587855,-4.16699487744,0.0,4.40345044013,2.28930121489,0.0,-3.87045601976,0.216096080163,-24.5129244561,-2.99658645287,-8.63003187491,0.0,7.78725357991,-0.163545084019,900.057946078,900.270369716,60,87.0
2.4000000000000017,19.8583293439,-12.011418107,0.0,5.25093982411,5.94592695814,0.0,13.3730356905,-8.37218447395,-20.1460286699,-2.00547070965,-28.8456319312,0.0,900.379029221,-0.569765419207,899.897147881,899.798516054,61,120.0
2.2800000000000016,-16.9229493176,5.64079043192,0.0,2.3001591769,4.91271022498,0.0,-12.7800507643,4.66205603969,-19.4937857083,-3.25087977619,-28.816930314,0.0,899.312871257,0.133747967915,899.86872465,899.547561309,62,114.0
3.2400000000000024,12.0929234697,-14.7697063039,0.0,1.243079312,4.13828758634,0.0,4.55307445159,-2.740468868,-17.4422847536,-1.39197407894,-28.8332616646,0.0,900.041419724,-0.124906444394,900.036917223,900.117902028,63,162.0
2.2200000000000015,-11.7201536209,-1.46493572873,0.0,1.33573945139,3.77204489787,0.0,2.16620419209,-0.316408282546,-22.951132069,-23.577415881,-5.33473075878,0.0,900.152476176,899.917894442,900.097621698,702.56113826,64,111.0
2.940000000000002,13.1504163817,-9.35039542174,0.0,5.74134272655,0.574946636446,0.0,9.13325694129,-5.26542216926,-19.2648720608,-2.91855879592,-21.0394873187,0.0,304.503544635,-0.0834901572835,899.513052362,900.061314971,65,147.0
5.0399999999999805,-13.6693165317,-8.24468386059,45.9065132766,2.14998294613,2.17691600533,0.0,-1.83862091004,-2.75817564825,9.3602002827,-28.8311169917,-28.8372080955,0.0,900.062302519,0.703798588475,899.770940543,0.30765558625,66,252.0
5.0399999999999805,-13.2732132944,4.37654010854,45.372687645,2.11902463258,2.07187731095,0.0,-1.7351491812,2.067118061,9.20112281981,-28.8356969915,-28.8285863968,0.0,899.971634318,-0.214501495899,899.964591075,0.0117843157549,67,252.0
5.0399999999999805,-13.2398593851,4.36245512517,45.4633519308,2.13514578633,2.04956243332,0.0,-1.74460415397,2.47380576636,9.19210420507,-28.8481358594,-28.8425296348,0.0,900.044699837,-0.0204236629722,900.245032051,0.623023157644,68,252.0
2.0400000000000014,4.49436641271,-0.267620076247,0.0,1.30983287959,3.63304058936,0.0,8.51823966469,-1.14747988634,-21.0276293713,-3.40249193606,-5.66814182229,0.0,-0.167305161824,-0.352876906958,899.989593298,899.770023803,69,102.0
2.2200000000000015,-0.90851248145,1.12564896648,0.0,4.44463099763,5.3948966514,0.0,3.94025381588,-0.947815570277,-21.9520048025,-8.04713226793,-9.98323341483,0.0,0.132224751388,-0.0678504061872,900.094519627,899.834880251,70,111.0
3.1200000000000023,-27.3498541246,3.33929498758,0.0,0.97601079817,6.06943441227,0.0,-16.2829504211,8.8593297855,-15.2905982138,-28.8342369849,-28.828559992,0.0,899.804043827,0.591394068467,899.981210342,-0.292849372183,71,156.0
3.0600000000000023,12.5519770819,-10.4879819131,0.0,0.694128211182,2.59812566986,0.0,13.4135899469,-10.1382442965,-22.6883228021,-2.86814588667,-3.70644090257,0.0,-0.522658926356,0.866333171326,899.79850179,899.98169008,72,153.0
3.000000000000002,-24.2408029083,-5.55545573917,0.0,4.38646851647,5.02612116859,0.0,-19.5976851173,-2.83046397996,-19.1044546866,-28.8243836696,-8.45745893328,0.0,899.440366959,887.750863172,899.588951085,-0.420918927966,73,150.0
3.1800000000000024,-20.3146411532,1.09138872532,0.0,5.47354806837,1.48552507003,0.0,-6.31802789423,-4.47832942445,-24.2379363328,-28.8482898201,-28.8267867891,0.0,899.933617266,0.0582188733453,900.634009916,0.19389353976,74,159.0
3.1200000000000023,-7.61221043313,1.87662986544,0.0,0.950982114588,5.10416249977,0.0,-1.9488394319,8.32658901626,-22.8633661431,-28.8228190077,-28.8135663099,0.0,899.534720963,0.23825286898,899.855804514,-0.385154888689,75,156.0
4.080000000000001,-11.8294908266,-8.78149055341,0.0,5.34318428694,3.96570133806,0.0,-3.76653806642,-12.2271581608,-15.9830073032,-12.7576437386,-15.6520572539,0.0,899.704370411,897.602076645,900.161402554,899.490928698,76,204.0
5.0399999999999805,-19.3384347074,-16.4840883156,35.3013740834,2.11806991369,5.79874445743,0.0,-16.5129741574,-10.388156853,-3.97891478467,-28.8332125688,-5.79279166418,0.0,900.247942783,892.027873634,899.706157459,-0.451871384166,77,252.0
5.0399999999999805,-13.720328553,-11.3228586678,45.3091381239,2.06371488498,5.40779573398,0.0,-1.18960357557,-4.81939175598,6.41633762465,-28.8477973438,-26.1472295202,0.0,899.896176303,110.259779526,900.249614477,0.536148438574,78,252.0
3.840000000000003,-48.95493793,-8.61738292333,0.0,5.24297219552,5.89123486837,0.0,-22.0877687643,-11.4743216188,-13.9411917523,-28.8488678684,-28.8596521824,0.0,900.928304175,-0.214884244211,900.46730274,0.895389469633,79,192.0
2.520000000000002,-22.8597172896,2.20167685951,0.0,5.67709860942,1.16742934161,0.0,-14.7117543084,-4.56194949828,-22.1193488911,-28.8379240393,-28.8283921466,0.0,899.803288705,-0.067492247941,900.258329864,-0.0754333383359,80,126.0
5.0399999999999805,-13.6912436493,63.5834009833,7.38579706334,2.05436028983,1.36442430823,0.0,-1.76293332074,23.037441197,-3.86879616362,-28.8403267583,-28.8216771316,0.0,899.457844827,0.00256403578961,900.080339879,-0.417360630382,81,252.0
5.0399999999999805,-13.5282766194,-7.35852990013,45.5086652498,2.06610562713,2.12008161421,0.0,-1.83431451369,-3.04264811491,9.27921131431,-28.8464473661,-28.8298162392,0.0,899.861708155,-0.899864660581,900.430211006,0.583220869293,82,252.0
2.1600000000000015,-9.66866980199,3.07074527269,0.0,3.44294774708,1.48768795913,0.0,-8.9420684149,2.38944641074,-20.0439359126,-28.8325347239,-19.1839876844,0.0,-0.0960414934068,-0.122599159029,899.829571756,-0.109071911204,83,108.0
1.9200000000000013,-4.009075571,-0.273082461954,0.0,4.1016544631,3.9947295338,0.0,0.0223753967893,0.597880955098,-22.701063512,-28.7973785601,-6.66444356955,0.0,-0.412340165384,0.0935093251075,900.097269735,14.9570145587,84,96.0
2.1600000000000015,-6.02462405149,-2.45882715166,0.0,6.0149761919,0.492131801899,0.0,-3.36056868883,-2.91674905554,-22.4856281364,-24.8280410738,-12.0944589613,0.0,-0.269042064531,-0.139482506326,900.443586217,156.878403395,85,108.0
2.0400000000000014,-8.54746896941,0.476055681587,0.0,0.581312249096,0.943133889097,0.0,-4.60329561124,1.04937722693,-21.8351515467,-28.8503419066,-23.3741159515,0.0,899.444750712,0.0478741940575,900.442289273,0.386107116487,86,102.0
2.1000000000000014,-7.46251068329,-1.62692564892,0.0,5.2008514451,6.10703776917,0.0,-6.24154302861,-2.23532160905,-20.9337407172,-28.7804995467,-19.4267970657,0.0,897.943245358,-0.1579279712,899.789901109,68.0495889188,87,105.0
1.9200000000000013,-4.87273325452,-4.16466712229,0.0,2.14423531237,3.28215453061,0.0,-1.19900304265,-3.35483202962,-21.1978930594,-24.8799667428,-15.5666084982,0.0,-0.0650640659847,-0.300998203366,900.213879374,0.253224001734,88,96.0
2.2200000000000015,-12.993157239,-10.4329318524,0.0,2.44868754331,4.19417834698,0.0,-6.78438038236,-9.89934675337,-20.8774675464,-10.6047534826,-26.7235827305,0.0,900.834952314,449.324315975,899.427536295,900.122035243,89,111.0
2.4600000000000017,7.70588253117,2.85191886184,0.0,1.12183926995,2.13884453814,0.0,5.701879218,1.36482104136,-20.487248344,-28.828916409,-2.34525793171,0.0,0.752633203459,0.325329871358,899.75884855,0.590215770593,90,123.0
2.0400000000000014,-2.43173661707,5.66307904061,0.0,0.64577450895,3.36198455996,0.0,1.07699145241,3.04713160777,-20.3801808465,-28.8171546022,-2.70615703878,0.0,0.374713152325,-0.429287886785,899.354281199,0.140078006585,91,102.0
2.4000000000000017,-7.07439365275,2.81126785975,0.0,2.79463643001,4.12711375357,0.0,-0.752363183314,0.695069904065,-19.4649710815,-28.8375205712,-6.5056845119,0.0,-0.235499916642,0.189291893302,899.857619473,0.0593323017377,92,120.0
2.2200000000000015,8.00211717408,2.88390019182,0.0,1.77515433317,5.04888596607,0.0,9.49187349331,1.26885923382,-18.8564355994,-28.8130115761,-0.52223110157,0.0,-0.108673233241,-0.701940591757,899.173323001,-0.0826757731853,93,111.0
2.2200000000000015,-2.21665935544,3.56252588119,0.0,1.77572257421,0.289704416535,0.0,-5.37470010974,1.60096491338,-19.6639159202,-28.8440460444,-2.02295654332,0.0,0.55326769957,-0.0571339157263,900.406968678,0.501772823553,94,111.0
1.9200000000000013,-9.27211590889,-8.16312693159,0.0,0.732612310944,4.41099761566,0.0,-5.75163994328,-11.0913366641,-25.0522345707,-10.9495438072,-25.2262125791,0.0,900.444483248,2.13030752271,900.65973947,899.748249841,95,96.0
1.9800000000000013,-12.3212385323,-2.49676820181,0.0,2.36864972982,4.23752466973,0.0,-9.37077815054,-6.68458612737,-24.1594422925,-28.8366315134,-28.8546109598,0.0,900.710774918,0.00249380925544,900.072437138,0.140961348128,96,99.0
2.1600000000000015,-5.91358665214,0.197640668384,0.0,3.49425966848,5.14324232516,0.0,0.426799093859,-1.16927393883,-19.320278625,-28.8428603404,-10.3541515563,0.0,-0.0278337432642,0.0929229974533,900.017544529,0.429153595824,97,108.0
2.0400000000000014,4.56368537622,0.769696057821,0.0,0.654692150888,0.79435433398,0.0,0.893447669451,0.445329198546,-20.0861541029,-28.8273967667,-2.85924532101,0.0,-0.0320834682019,-0.0111197272991,899.814424036,0.184152299163,98,102.0
2.1600000000000015,1.09949096817,1.03099411625,0.0,3.48353018615,0.0861705900255,0.0,-3.90248919939,0.339335188526,-20.1692790731,-28.8391835064,-1.91999859296,0.0,-0.304230599883,-0.130807556044,900.12314609,-0.457813278779,99,108.0
2.1600000000000015,0.000142570882317,2.8945072326,0.0,3.44671299834,6.28313808264,0.0,0.000229460861005,1.27153946902,-20.3962889851,-28.8217075414,-3.04056402911e-05,0.0,-0.222611737589,0.00751855667964,899.591951868,-0.122402901091,100,108.0
2.1600000000000015,-1.16652681843e-05,2.91145950244,0.0,3.50377735817,6.28318514433,0.0,-1.90719612939e-05,1.27642983894,-20.4881039455,-28.8264818138,-1.363167682e-05,0.0,-0.0578914206217,0.00669054880394,899.674700556,0.394580525836,101,108.0
2.1600000000000015,3.14444890646e-05,2.8811910819,0.0,3.44591811552,6.28317065107,0.0,5.12364450189e-05,1.2657830164,-20.397913277,-28.8152836008,-1.74610548967e-05,0.0,0.361317266583,-0.229901477687,899.262648672,0.101599425135,102,108.0
2.1600000000000015,6.69493677817e-05,2.86052079175,0.0,3.44857548506,6.28317873793,0.0,7.96141545074e-05,1.25473611049,-20.3849568251,-28.8399401751,2.92419118062e-06,0.0,-0.130240260667,0.124308098267,900.150214849,0.210142702984,103,108.0
2.1600000000000015,-4.9110893685e-05,2.87912216177,0.0,3.4572449676,3.53576656567e-05,0.0,-0.00011188515024,1.26231560724,-20.3868563405,-28.8299511756,3.34171667378e-05,0.0,-0.270782353917,0.364833105475,899.973820728,-0.0634967750385,104,108.0
2.1600000000000015,-6.41137947437e-05,2.89277599774,0.0,3.43857954129,1.36382354992e-05,0.0,-8.65724325975e-05,1.27056892013,-20.3776932,-28.8155558051,5.38777902541e-06,0.0,0.412530564235,0.129613818977,899.348935045,0.504135220039,105,108.0
2.1600000000000015,-1.40595722393e-05,2.85687109365,0.0,3.44075553489,6.13335511002e-06,0.0,-1.91523811576e-05,1.25418235394,-20.3793030615,-28.8257196319,8.92084702318e-06,0.0,-0.168368035787,-0.0685462747531,899.808799755,0.657214966691,106,108.0
2.1600000000000015,-6.56743715284e-05,2.85624284865,0.0,3.42109073374,9.69860442623e-06,0.0,-8.1286708226e-05,1.2566721331,-20.3636788619,-28.8354687713,4.46386719e-06,0.0,-0.0665553388642,-0.609082006874,899.916071342,0.0951833276661,107,108.0
2.1600000000000015,-0.000121575272417,2.90945101368,0.0,3.48650964839,5.50686995036e-05,0.0,-0.000214688542579,1.27551897702,-20.4467869108,-28.8292192179,6.38334785695e-05,0.0,0.272525698502,0.690681317635,899.94404423,-0.351872863812,108,108.0
2.1600000000000015,-0.000120274073352,2.8884280757,0.0,3.48213712937,4.37873178818e-05,0.0,-0.000191937077047,1.26538508115,-20.4340310891,-28.8256999214,3.86114816615e-05,0.0,0.0592144715223,-0.150799668126,899.620803383,0.803250772165,109,108.0
2.1600000000000015,-0.000106758438824,2.867879132,0.0,3.44330585481,6.13762810122e-05,0.0,-0.000216779762571,1.25813230893,-20.3819488285,-28.847983068,4.08827337442e-05,0.0,0.35258406715,-0.0293338585274,900.389108537,-0.0801949800789,110,108.0
2.1600000000000015,0.000190870911479,2.88701139934,0.0,3.47779741903,6.28313273741,0.0,0.000276171419215,1.26405960854,-20.3982160023,-28.8163582239,-3.13651623501e-05,0.0,0.362871515828,-0.598752040199,899.398780647,0.123175110899,111,108.0
2.1600000000000015,-2.09248052869e-05,2.90391747149,0.0,3.48085437132,3.01144290571e-06,0.0,-2.53425320687e-05,1.27314327383,-20.4280241519,-28.8357905267,-3.94410070423e-06,0.0,-0.72029377274,-0.165489324129,899.962456156,0.423257390749,112,108.0
2.1600000000000015,5.6643945142e-05,2.87756399046,0.0,3.43219800013,6.28316202773,0.0,9.62001201335e-05,1.26416615391,-20.3932172093,-28.8640236589,-1.85440254906e-05,0.0,0.0190585241873,-0.440374476739,900.951651878,0.133477333709,113,108.0
2.1600000000000015,-9.2105938568e-05,2.9149251343,0.0,3.48753919354,6.28317903835,0.0,-6.60795103027e-05,1.27738698262,-20.4422916259,-28.8332622757,-9.17520204547e-06,0.0,0.111678674381,0.17120586134,899.933749485,0.238317567101,114,108.0
2.1600000000000015,-5.48897124838e-05,2.88069136633,0.0,3.43890627515,5.17219624374e-06,0.0,-6.81143046036e-05,1.26638245984,-20.3875203503,-28.8342022438,6.26577099264e-06,0.0,-0.0785883284184,0.933934337916,899.90066912,-0.209954914056,115,108.0
2.1600000000000015,5.19200173981e-05,2.88333565498,0.0,3.47590799206,6.28317035908,0.0,7.44736891223e-05,1.26333432692,-20.4322296674,-28.831013542,-1.42518246086e-05,0.0,-0.0108060682658,0.224768274875,899.885756261,0.00600324157832,116,108.0
2.1600000000000015,-4.80005796952e-05,2.88782387741,0.0,3.46856765607,9.31725136954e-06,0.0,-6.41930208416e-05,1.26649941057,-20.4253582525,-28.8322311677,4.04373957772e-06,0.0,-0.114538092851,0.218961702679,899.988081186,-0.397990105027,117,108.0
2.1600000000000015,0.00019144173117,2.91516307632,0.0,3.4898485149,6.283141551,0.0,0.000262448468431,1.2775599745,-20.4541073349,-28.8281794855,-2.10834125019e-05,0.0,-0.140298146319,-0.192634748309,899.967645894,0.269401657538,118,108.0
2.1600000000000015,-3.585242382e-05,2.9154537536,0.0,3.51066431153,6.28318415094,0.0,-2.64460740609e-05,1.27424753823,-20.4530792064,-28.8370421216,-3.27946388715e-06,0.0,-0.248060866953,0.25333933842,900.218933693,-0.646543471248,119,108.0
2.1600000000000015,-0.000147671259726,2.90989572125,0.0,3.47738216668,2.84430693753e-05,0.0,-0.000178037979928,1.27660393013,-20.4172631995,-28.8029300404,3.88582828844e-05,0.0,-0.396854318785,-0.832777908979,898.942464762,-0.141625812706,120,108.0
2.1600000000000015,-0.000271564143541,2.91724910022,0.0,3.49799902157,5.4838520029e-05,0.0,-0.000355403690024,1.27810315885,-20.4512302462,-28.8397533299,3.1678245376e-05,0.0,0.0306963054733,-0.492983809072,900.206288078,0.313367587494,121,108.0
2.1600000000000015,0.000267694998329,2.86714642443,0.0,3.44083808612,6.28311747824,0.0,0.000381928096691,1.25791876435,-20.3809975731,-28.8556908025,-4.8498414137e-05,0.0,-0.0205534651307,-0.279416313681,900.631234246,-0.443644561044,122,108.0
2.1000000000000014,0.000319010194096,-1.88054236946,0.0,4.81165166227,6.28308963187,0.0,0.000441269059677,-0.96775792817,-19.9638269516,-28.8401116015,-7.71325500792e-05,0.0,-0.51993252684,0.0493215938251,900.200945508,-0.198966035777,123,105.0
2.1600000000000015,-5.32687918573e-05,2.84543257489,0.0,3.42771344896,3.47874737479e-05,0.0,-0.000102406142775,1.24971527442,-20.3639990669,-28.8382628199,4.14717089808e-05,0.0,0.288672717402,-0.255081879217,900.040108481,0.611764425452,124,108.0
2.1000000000000014,-0.000105833590933,0.944103397718,0.0,5.8273551243,5.72717645637e-05,0.0,-0.000198560550604,0.781348188654,-19.7569768944,-28.824948058,5.09363700654e-05,0.0,0.0850764444399,0.130917760418,899.634483957,0.0856513583786,125,105.0
2.1600000000000015,-3.6882694303e-05,2.86616252566,0.0,3.42715196741,1.41312136099e-05,0.0,-5.74955854327e-05,1.25967414415,-20.3702165281,-28.8359782878,1.2594956928e-05,0.0,0.749148905941,0.392643757384,899.946180874,0.127188784822,126,108.0
1.9200000000000013,1.35196663664e-05,1.46459291478,0.0,6.15860816769,4.38965567451e-06,0.0,1.09432831444e-05,1.07313099073,-19.7976614515,-28.8413374516,2.00476976447e-05,0.0,0.126402180163,-0.828004783583,900.083829484,0.018939940822,127,96.0
2.2800000000000016,0.000122411856301,2.99077544732,0.0,1.74739195895,6.28315976995,0.0,0.000154432604023,1.37055088974,-19.9064014584,-28.8405452679,-1.25763309398e-05,0.0,0.073135651168,0.295884760069,900.271150973,0.393880610912,128,114.0
2.1600000000000015,0.000272326980275,2.90788719109,0.0,3.49478653024,6.28309352912,0.0,0.0004128213845,1.2731668236,-20.4301933062,-28.8190485878,-7.61694649863e-05,0.0,0.337256699229,-0.125828749754,899.58710179,-0.293085850524,129,108.0
2.1600000000000015,-8.30286547147e-05,2.85504732392,0.0,3.42883923214,8.53486941299e-06,0.0,-9.56238487496e-05,1.25462717633,-20.3770397627,-28.8369692146,-7.82390454388e-06,0.0,-0.632031767309,0.112263150938,900.000520559,0.0905374387127,130,108.0
2.4000000000000017,0.000374056109593,0.0136721458359,0.0,2.88216432339,6.2831078675,0.0,0.000503955246966,-0.15319310259,-20.1771640618,-28.8395184669,-2.35823269711e-05,0.0,-0.314067150622,0.391722040616,900.279547793,-0.0600221770951,131,120.0
2.1000000000000014,0.000143917513105,2.62754171468,0.0,4.45421654959,6.28309818482,0.0,0.000269612996603,1.4832680261,-20.3718244511,-28.8370006447,-8.17633861437e-05,0.0,0.426584057351,-0.510638770207,900.23267834,-0.533704145016,132,105.0
2.1600000000000015,4.9408985972e-06,2.88952839653,0.0,3.48436445257,4.8539708164e-06,0.0,-6.42322847349e-06,1.26512272173,-20.4260363495,-28.8546446964,4.71577454813e-06,0.0,0.100341712473,-0.00670886847669,900.798560285,-0.130336097513,133,108.0
2.1600000000000015,2.58342093943e-05,2.85515684987,0.0,3.43888983459,6.28317552928,0.0,4.02507608494e-05,1.25326500898,-20.3683824869,-28.8027839273,-1.4789496193e-05,0.0,-0.144273177506,0.145481344895,898.841323513,0.00423282740155,134,108.0
2.1600000000000015,-9.60573992714e-05,2.88361837741,0.0,3.48793464297,1.12433924349e-05,0.0,-0.000123991826925,1.26305692914,-20.4397961773,-28.8266988766,-1.03599706082e-05,0.0,0.551349705535,0.414348983187,899.588538415,-0.425194713344,135,108.0
2.2200000000000015,-0.000311842781501,3.07331545962,0.0,1.96456304602,5.20164385165e-05,0.0,-0.000369535484966,1.34615355747,-19.9599052178,-28.8231918537,2.99710488616e-05,0.0,-0.619583918024,-0.940013480804,899.788826294,-0.308268614762,136,111.0
2.1600000000000015,4.90701915697e-05,2.87535190035,0.0,3.41905387219,6.28316851034,0.0,7.69510873718e-05,1.26528941591,-20.3575311545,-28.8331581052,-7.0756811869e-06,0.0,0.112068449952,-0.270737131596,899.792255921,-0.378287925901,137,108.0
2.1600000000000015,0.000255530258144,2.90204799584,0.0,3.47268867159,6.28311013306,0.0,0.000360039276347,1.2723392131,-20.4187214264,-28.837092343,-6.26018343281e-05,0.0,0.175136947539,-0.106735440101,900.156362054,0.358336357536,138,108.0
5.0399999999999805,0.00957548495073,32.6025583866,82.5659273569,1.21868038341,6.28288235959,0.0,0.00573351324623,18.5678154882,6.79321282379,0.463419149647,-5.82834503191e-05,0.0,0.204680173459,-0.202805230493,899.564504084,900.074279721,139,252.0
5.0399999999999805,0.000902147107152,0.583410981312,92.8549234283,6.20817795696,6.28315139798,0.0,0.000577347885388,-1.00867834289,17.2325677916,0.0332354660277,-1.24195233243e-05,0.0,0.485770603526,-0.192020427019,900.193219023,900.116263159,140,252.0
5.0399999999999805,0.00397567388869,6.0706570464,92.4902446282,0.709947579008,6.28306643094,0.0,0.00273201381095,7.17484408889,16.3765012071,0.368315816632,-1.66683917008e-05,0.0,0.830851334067,-0.576848996854,900.44821845,899.815643885,141,252.0
5.0399999999999805,-0.00326172266433,15.8258723005,90.5830083456,1.07009242309,6.28307037355,0.0,-0.000175716629545,14.1627108439,12.7163688356,0.284300964584,-5.52837490165e-05,0.0,0.484767811767,-0.0869753213022,899.668537062,899.700533238,142,252.0
5.0399999999999805,0.00121742172021,22.8627930115,88.7565148571,0.443822326831,6.28317911854,0.0,0.000473510802664,11.8975290206,14.1227356928,0.103623711422,1.93439557421e-06,0.0,-0.072166129736,0.560839430759,899.959981752,899.584870052,143,252.0
5.0399999999999805,0.000282270045731,-38.0686768615,73.0757856726,2.84534236921,2.92967081519e-05,0.0,0.000129418972971,-17.2631902138,-2.12794588991,-28.8289304413,3.32898586578e-05,0.0,-0.0978535009831,-0.0927415474329,899.81915694,-0.367428670514,144,252.0
5.0399999999999805,-0.00839823558728,-17.2464711423,88.7877000766,5.03517301277,0.000382507721747,0.0,-0.00630478831759,-15.8896592279,10.5904544683,-0.596296842686,0.000151076978846,0.0,-0.121265014669,-0.404844039969,900.08179363,899.738385085,145,252.0
5.0399999999999805,0.00184695656937,55.9256437585,68.3289491599,2.32972039961,6.28307266154,0.0,0.00112217038099,28.1967716284,-1.41563127845,0.379386762662,-4.06048311567e-05,0.0,0.0678579915481,0.143084718558,900.367955199,900.482555648,146,252.0
5.0399999999999805,-0.00250722883432,-42.3918406994,72.928947095,3.75852088593,0.000144822573767,0.0,-0.00162763174604,-20.0722170328,-0.236541995378,-28.8410423096,4.10607885291e-05,0.0,-0.143540167465,-0.133747534411,900.26166243,0.160456355537,147,252.0
5.0399999999999805,-0.0018969790322,40.3395605702,78.4528562621,0.973267444982,9.06594962391e-05,0.0,-0.00129902574143,19.936797598,5.78143953395,0.232920894539,2.13547957664e-05,0.0,0.0406479248463,0.0147077041905,900.336432193,900.028454121,148,252.0
5.0399999999999805,0.00634016501735,-14.4704530118,91.3445478935,6.22291995612,6.28293695712,0.0,0.00425992607177,-7.55921408932,16.4705328978,0.212639396433,-0.00014351695033,0.0,-0.00580343471848,0.145904126568,899.037453636,899.746103072,149,252.0
5.0399999999999805,-0.00346892629685,27.3640944557,86.8417486011,0.470432667418,7.65738138275e-05,0.0,-0.00220804033694,14.0685747808,12.8609719593,0.0395251666307,-2.03735863307e-06,0.0,0.264021754248,-0.154232876468,899.766152348,899.746295529,150,252.0
5.0399999999999805,-0.0116187863341,-38.8550251166,76.4119110649,4.18795864081,0.000746849534764,0.0,-0.00770734844008,-20.6945943245,0.49561414624,-11.6478285926,0.000258524423971,0.0,0.232070095244,0.696474923675,899.943710624,91.0915195352,151,252.0
5.0399999999999805,0.0106157902262,-2.93793603709,90.0012806863,4.93122014316,6.28283652862,0.0,0.0077522278619,-16.0470752126,10.8487866913,-0.3619413655,-8.96400083759e-05,0.0,-0.277804240186,-0.830122070765,899.52589897,899.883704875,152,252.0
5.0399999999999805,-0.00168467426626,-15.1925573336,91.0087141019,5.92461894372,9.99885711872e-05,0.0,-0.00148846751131,-8.48810632905,15.6430652271,-0.166714848626,2.86305569975e-05,0.0,0.0972896574143,0.136617226809,900.008950639,900.151160464,153,252.0
5.0399999999999805,-25.992520567,-15.3932279904,64.5532911343,5.2880093347,6.24377410456,0.0,-11.1898938839,-5.72947854661,-5.91158035015,-0.0378630083425,-28.8189021401,0.0,899.432267456,-0.413807205078,899.979962374,899.779864168,154,252.0
5.0399999999999805,-2.65166916743,6.67829270412,57.2896196779,0.440621497585,4.95976100603,0.0,0.878789448507,9.83469390547,6.05180181706,-0.091357761592,-1.34635516647,0.0,0.280393907054,0.120729911218,900.450649321,899.990970597,155,252.0
4.859999999999984,150.0,-2.52987253223,39.7238423867,6.1963110356,2.65337639835,0.0,619.180262795,16.6312081665,-234.670595413,-0.109188988155,-0.725529943858,0.0,-0.00041778766391,-0.0231544892154,900.742695016,899.694364277,156,243.0
4.080000000000001,-26.7459031417,-1.32445476221,0.0,0.159584814614,4.24564983798,0.0,-10.3412888042,-0.464757726308,-22.774867271,0.238152038644,-28.8309294145,0.0,900.019858438,-0.138038777296,900.323540566,900.656493157,157,204.0
5.0399999999999805,2.2448830194,22.5822357797,87.6948663547,1.00500717142,6.231322801,0.0,1.22610611922,15.6578507039,10.6170253406,0.224764738867,-0.0108413330597,0.0,0.17390988215,-0.0618793991932,899.770145502,900.029582808,158,252.0
5.0399999999999805,25.660531358,-19.5521014723,16.7195328748,5.84536364304,3.54539602016,0.0,19.9257834676,-15.0083247258,-20.1488810609,0.00622284682743,-1.13191878217,0.0,0.152054442139,0.338256718918,899.752153406,899.351016438,159,252.0
5.0399999999999805,0.00348536546879,40.3807430608,79.2288009987,0.523907776567,6.2827023332,0.0,0.00446779566754,19.232324564,8.56790740357,-0.428423001322,-0.000224113164591,0.0,0.065015775134,0.651532904664,900.470288608,899.501699587,160,252.0
5.0399999999999805,22.6218527976,-2.6711708859,88.9497343325,6.26178842968,5.82241736905,0.0,11.6498672365,-1.65425289392,14.1030434403,0.0455476410906,-0.0881007703163,0.0,-0.294450973579,-0.58332571594,899.58096505,899.728165228,161,252.0
1.8000000000000012,-12.0163047576,-0.564775879671,0.0,6.17987466256,2.04231719733,0.0,-12.6260598733,-0.693246014591,-17.5845365062,0.125485613617,-28.8419055633,0.0,900.335198132,1.22624709907,899.774795283,900.440665118,162,90.0
5.0399999999999805,0.0476097023982,-8.50252291587,91.7871303845,5.81853270992,6.28082763412,0.0,0.0395148269429,-8.55488272009,15.4926405442,0.0354505751915,-0.000697080266759,0.0,-0.915451007738,-0.0773474531403,899.762352829,900.233378306,163,252.0
5.0399999999999805,8.4151390241,-37.6924731876,79.2355512258,5.55057411857,5.99182901725,0.0,5.21431843338,-20.1886947343,5.77307099619,0.132390610115,-0.0682259761069,0.0,-0.208046396172,-0.356271194299,900.229814211,900.428706181,164,252.0
5.0399999999999805,57.3368550822,-7.14097264342,57.2667276916,4.75246617399,4.46029836198,0.0,22.7690428683,-3.52426822228,-8.39353356279,-0.40478020386,-0.32324529763,0.0,0.414362910826,0.0995870557328,899.569137731,900.413418086,165,252.0
5.0399999999999805,0.004727359119,15.8193393486,91.8010311871,6.10606316573,6.28308200332,0.0,0.00289629751874,3.71734957676,17.5619230169,-0.144584023278,1.97281538175e-06,0.0,0.0543944503152,0.066620651911,899.804546159,899.971252394,166,252.0
5.0399999999999805,0.0272346833491,6.81892095614,92.5235852079,0.113866907908,6.28262206586,0.0,0.0146810358756,3.24634335751,17.0271386896,0.0849131963643,-0.000128458057741,0.0,-0.0227307875456,0.082866617996,900.01315402,900.370090862,167,252.0
5.0399999999999805,4.60932214476,33.5718742776,81.5623137858,1.55653970312,6.18852011798,0.0,2.24252340455,19.886632603,5.05196863285,0.437013020352,-0.0187975951044,0.0,-0.470267002737,0.017835844313,900.873053666,900.30607517,168,252.0
5.0399999999999805,3.73835619084,-32.9405404237,79.9086762763,4.12535304048,6.19292565362,0.0,2.14686808426,-21.9645691466,0.0625496306889,-0.995531145859,-0.0191945197138,0.0,0.532828609877,-0.283013690593,899.999373532,900.006366204,169,252.0
5.0399999999999805,1.1965559817,-45.6247551594,66.3785758444,4.51779648551,6.23917087721,0.0,0.642209595414,-18.6237738169,-4.77356811135,-28.8491122769,-0.0104251368545,0.0,-0.187021633711,0.845948536527,900.479685946,0.117382995525,170,252.0
5.0399999999999805,52.4325836499,-1.20970018801,68.9368590974,0.191369728089,5.05790224746,0.0,22.1252426046,0.414562622481,0.128569885046,0.028242301121,-0.216419442549,0.0,-0.576189844851,0.0761809032744,900.176554259,899.77829462,171,252.0
4.439999999999993,-10.9539344605,-2.99565971718,0.0,1.32929031127,1.78611464753,0.0,-2.78904279902,-4.64889971953,-20.1757485499,0.203405281094,-28.8361919957,0.0,900.027741164,0.263287919756,900.462756171,899.847416502,172,222.0
4.799999999999986,-9.95182665677,-4.4924697097,0.0,4.96112752564,4.85205287567,0.0,-2.73780242027,-6.8962541034,-36.9553439463,-0.430918472819,-28.8391941574,0.0,900.046464331,0.153019897899,899.850401791,899.36025401,173,240.0
5.0399999999999805,8.7123696747,-29.60496371,86.6374734978,6.17089601658,6.01229980379,0.0,5.87244414591,-15.0084682383,13.8819259552,0.272583677119,-0.0618266730148,0.0,-0.528033082321,-0.093282610893,899.373677879,900.770299099,174,252.0
5.0399999999999805,57.7485446274,23.1149300574,49.2087932541,5.99594815069,4.42015419649,0.0,19.7098415595,7.7150462918,-11.0872696516,-8.79381135339,-0.321445320312,0.0,-0.000216316499761,0.880283631846,900.08493693,899.6872278,175,252.0
5.0399999999999805,5.78171842507,-16.9269440317,88.8922065967,5.24684776143,6.16613281501,0.0,3.04643237536,-14.721105203,11.3194278203,-0.232295067893,-0.0234383798532,0.0,0.0568965721115,-0.125169981883,899.248822733,899.567016635,176,252.0
5.0399999999999805,8.04128204031,-6.87530116846,92.6450533498,0.49494452695,5.88305933139,0.0,7.0915812714,0.131426028718,17.2653320794,0.261189260243,-0.112409267678,0.0,-0.105330118341,-0.0960126497526,900.02762545,899.933607398,177,252.0
5.0399999999999805,-0.00244155272383,1.61577720838,92.8210798017,0.1382862717,2.10220502401e-05,0.0,-0.00111039198371,2.80851874652,17.0733650145,0.0618596654327,-2.9900604845e-06,0.0,-0.130716991755,0.261060146473,900.000659342,900.740330052,178,252.0
5.0399999999999805,0.000551449638449,-31.364466752,84.8412683686,5.80704421105,6.2831164737,0.0,0.000818205036699,-17.1040935463,10.9510281,0.211131368887,-1.53542086091e-05,0.0,0.340067352269,-0.0426121083538,899.368577389,900.338521771,179,252.0
5.0399999999999805,43.4808723661,-6.65750621252,81.635003991,0.765414705693,3.98811875956,0.0,28.6768854989,-0.793376819319,4.54141398382,0.275585519588,-0.510803450218,0.0,-0.489817185274,-0.0559916600019,900.245755423,900.041391575,180,252.0
5.0399999999999805,5.86046215198,-27.8044709667,86.5678581024,5.75748500297,6.16357916252,0.0,3.03733941998,-14.8132796162,12.1869642749,-0.173225003964,-0.0236037031048,0.0,0.635498385354,0.319641996629,900.105113535,899.513465283,181,252.0
5.0399999999999805,-0.00082280056418,10.1354447063,91.7629322044,0.331194939223,6.28303621638,0.0,0.000759929867165,8.10457139047,15.7462993121,6.27955455424e-05,-8.47812364506e-05,0.0,0.430390936461,0.0434337069035,900.05904354,900.308857225,182,252.0
5.0399999999999805,0.186329347649,-29.0527394809,86.9811888831,6.13661319361,6.27777448781,0.0,0.121888997867,-15.2630628773,13.997482899,0.395053011839,-0.00120624452599,0.0,0.295519481771,0.0719061252982,899.619835378,900.406941508,183,252.0
5.0399999999999805,-0.00222560879412,-19.6962457683,92.2002461676,0.380773640603,6.64945732369e-05,0.0,-0.00158789730925,-7.23389208385,19.4076026679,0.359287762669,1.63799007992e-05,0.0,0.123622081667,0.460284501613,899.311665582,900.191005551,184,252.0
5.0399999999999805,0.139390905318,-24.5643485377,85.8409456097,4.98040242972,6.2792605988,0.0,0.0839095896314,-17.9842005936,7.91956045257,-0.386294860085,-0.000879396780473,0.0,-0.171871728809,0.479463033342,900.434151143,899.501206038,185,252.0
5.0399999999999805,41.0560253989,17.7954163539,74.7195007506,0.264196246821,4.5361463606,0.0,21.8501453,6.49570776935,0.603971738195,-0.0561866031749,-0.360272290778,0.0,-0.194363627851,-0.229231251916,900.173497507,899.565949457,186,252.0
5.0399999999999805,-0.001581069624,0.742030911266,92.8956791918,5.96060381532,6.28313763495,0.0,-0.000251093008708,-3.74048279853,17.0356578051,0.0240083568096,-2.36570811511e-05,0.0,0.52647476405,-0.399678163593,899.51947466,900.039536023,187,252.0
5.0399999999999805,0.0295905545047,-24.3532120301,88.9629428746,5.87788291012,6.28256727334,0.0,0.0157183442908,-12.1597661074,14.4916419731,-0.370208808633,-0.000135041715527,0.0,-0.0301480580927,-0.518471319383,900.083243329,899.675380076,188,252.0
5.0399999999999805,0.000368455384085,4.69120159757,92.7552404235,6.11273095207,6.28316004274,0.0,0.000283246274258,0.65317729524,17.3485370043,-0.245773263826,-1.88523787276e-05,0.0,-0.18836075177,0.743760778107,900.314897951,900.098731146,189,252.0
5.0399999999999805,0.00431776063078,21.3743039655,88.2557505182,0.698295763576,6.28300230327,0.0,0.00311691226573,14.2919422372,11.9997165256,-0.047849539068,-4.85889715577e-05,0.0,0.383080275782,-0.102588221,900.706882026,900.159093987,190,252.0
5.0399999999999805,0.00450049578782,-47.3268015111,68.6183862569,4.41350302139,6.28289401261,0.0,0.0027771241907,-21.8703541401,-3.15233301394,-0.567229805999,-9.07060248398e-05,0.0,-0.326300638359,-0.180284201922,899.871976376,899.650368753,191,252.0
5.0399999999999805,0.00174089319838,-16.9061722617,90.5734880047,5.69285875056,6.63962541569e-05,0.0,-5.55598859701e-05,-9.71820482905,14.9464022525,-0.390788935461,3.04756817942e-05,0.0,0.382736616931,0.0232326860175,899.994907293,899.885970421,192,252.0
5.0399999999999805,127.578762641,-22.91733213,15.5588627135,5.08383722165,3.17393564623,0.0,145.402978919,-14.0012929768,-29.9994050635,-0.0726523135029,-0.46498049302,0.0,-0.764410775531,-0.303026194878,899.664955692,900.501827264,193,252.0
5.0399999999999805,-0.00663935192406,-41.2239556939,83.97705956,0.0714593360244,0.000294830018923,0.0,-0.00570267626399,-22.2261611714,15.3675131431,0.399475629131,9.76480342812e-05,0.0,0.162520578804,0.144259466202,899.637937471,900.267242455,194,252.0
5.0399999999999805,-1.18978184941e-05,-21.3327241785,87.7327046115,5.43421530296,6.28313189638,0.0,0.000224315452452,-15.1739438906,11.1015069729,-0.18890412833,-3.77463030613e-05,0.0,-0.144574874131,-0.0585783003423,900.391080994,900.099951005,195,252.0
5.0399999999999805,-0.000744836129927,-25.9892231705,85.8074708856,4.96402525919,6.70925493722e-05,0.0,-0.000553868793654,-17.6001017948,8.39752248604,-0.625058335596,5.03749296138e-05,0.0,0.399008266011,0.279668994119,900.981174167,899.710750006,196,252.0
5.0399999999999805,0.139278928711,22.9623812044,87.7747860066,1.38768647545,6.26294995607,0.0,0.186359555286,17.4518852709,9.8173458117,0.508662521399,-0.00936637945367,0.0,0.000337516171172,0.178028113968,899.733812355,900.622649297,197,252.0
5.0399999999999805,0.285206091343,-4.51216842206,92.7262515382,6.17411770649,6.27156646153,0.0,0.218031287583,-1.57514023841,17.1783432888,-0.165015492819,-0.00321099977697,0.0,-0.900943244081,0.143349358702,900.022554364,899.947671411,198,252.0
5.0399999999999805,-0.00901342668364,-46.9220162012,71.6463082192,5.32837985719,0.00040933251045,0.0,-0.00563571877663,-23.2019289064,-0.0185612641102,0.277519795899,0.000122704507322,0.0,-0.209795536931,-0.652211630151,899.385116909,899.701729965,199,252.0
5.0399999999999805,-0.00363995974475,-2.40236188674,92.6841704418,5.9115595465,0.00011856283311,0.0,-0.00240047355132,-4.44682363187,16.8157127754,-0.15877524994,3.51611006919e-05,0.0,0.445239697893,-0.500335912156,899.55971009,900.331932394,200,252.0
